10786868
11273967
11477022
11798994
12055116
12453835
12656867
12848712
12848713
15245517
15522054
15562172
15849286
15849291
15970953
15970958
16118304
16422751
16558261
16558367
16558422
16643287
16872387
17000712
17597943
17984193
1810619
1810620
18173665
18203866
18254
18352922
18489486
18721344
18821952
18821956
18821961
19208013
19208022
19302200
19583574
19583579
1982928
19919541
20070349
20070350
20572840
2078799
21047841
21635690
21854544
22051036
22272945
22676323
22805585
23311956
23374909
23467963
23511697
23902777
24068332
24261712
24597774
24890132
24910176
25263651
25264187
25283822
2610287
2638006
26400727
26511002
26527674
26948149
27015854
28231638
28376278
2859903
2893649
28965361
2907269
29554460
29691290
29853456
30295996
30481393
31220414
31937578
32058660
32176431
32220853
32304262
3233461
32790910
32790959
32794620
33220152
33774914
34019343
34197681
3620800
36436198
37367210
38084787
3812864
38234013
38234017
38738536
39318169
39384388
39417350
39829203
40019130
40065607
4014535
40268332
4027500
4027501
40304186
6102441
6130812
6614299
8242279
8883693
9006695
9015601
9132205
9132208
9298567
9429019
9442537
9566015