1061792
10728540
10759113
11003192
11331714
11770650
12236313
12524610
15060208
15178672
15805433
16081755
16360858
17307593
18519488
18718410
19022127
19345791
19925982
20079962
20116698
20171484
20493614
21665343
21665346
22152627
22260909
22260912
23322260
24813778
25416466
25511965
25914133
26435401
26679550
27137436
27597403
28695139
29336880
30937322
31108061
31454504
31696130
31838092
31884077
31915268
31915273
32008990
32151652
32332142
32839249
32866487
32953922
32995346
33015213
33244476
33354581
33553456
33607010
33614796
34153246
34483102
34541011
34568508
34973164
35065012
35340727
35464903
35533718
35601732
35958291
35964697
35985420
36199825
36250031
36368911
36874048
37123994
37213661
37693805
37743043
37788800
38274016
38811153
39060115
39143984
39143987
39157590
39832883
40575799
40771885
40876806
40935598
41087084
41798103
7862484
8189291
8784371
9024345
9191640
9338836
9338837
9666364
9666366